time,x,y,z,phi,theta,psi,x_velocity,y_velocity,z_velocity,phi_velocity,theta_velocity,psi_velocity,rotor_speed1,rotor_speed2,rotor_speed3,rotor_speed4
0.06,-8.34053585085e-08,-8.42879779542e-08,10.0060523161,6.2828882469,8.39871798579e-05,0.0,-7.85761953822e-06,-1.72565548825e-05,0.201729137247,-0.0173669494137,0.00406208156206,0.0,468.1110354934177,468.4269393559237,468.53979167401326,467.18796795117663
0.12000000000000001,-3.56927193828e-06,-1.28938976142e-05,10.0245936029,6.28188089031,0.000173735237785,0.0,-0.000128846949895,-0.000531585716793,0.416259570063,-0.0156583202147,-0.00420702749703,0.0,472.9660251156419,472.3288120224099,471.10313420572254,471.2353082673671
0.18,-1.39604647874e-05,-7.55169227882e-05,10.0531501744,6.28146700895,6.28305505886,0.0,-0.000188406019447,-0.00162244333123,0.535577099438,0.0065228216714,-0.00684311225624,0.0,442.40641335908276,442.1894346819186,443.16666577171725,444.9859345772185
0.23999999999999996,-2.0546025606e-05,-0.000210715771089,10.0905904077,6.28177922531,6.28224862505,0.0,3.19482211961e-05,-0.00284398800854,0.712336822222,0.00242511454363,-0.0318431276121,0.0,461.3531996258313,459.37540856575754,461.66868303792234,461.34520848780676
0.3,6.84432921888e-06,-0.000408709361983,10.1354817102,6.28187284109,6.2804427259,0.0,0.00106254989087,-0.00374398236905,0.783992833257,-0.00022824371328,-0.0268196002144,0.0,428.9959916321689,429.4219465154086,427.5984376678535,427.37233893422643
0.36000000000000004,0.000153756212224,-0.000669523417687,10.1924467929,6.28142901784,6.27927957148,0.0,0.00401824115309,-0.00497166662318,1.11458032171,-0.0283034619852,-0.00759835441269,0.0,504.3251571232848,505.71143697616566,506.89610297229785,504.8748752192926
0.4200000000000001,0.000484417270294,-0.0010144051454,10.2641932329,6.27980531493,6.27910892944,0.0,0.00703643238996,-0.00670863369331,1.27679987103,-0.0246875346043,0.00528251518909,0.0,457.04527308124904,458.0706720257207,457.2225570951625,457.5103631685934
0.48000000000000015,0.000999694670872,-0.00150063784968,10.3463301192,6.2777358906,6.27900256666,0.0,0.0101193685809,-0.00967618131888,1.46087870999,-0.076195717089,-0.0221596274389,0.0,465.1810039890891,463.02737532500055,466.7432782900299,462.70523591028063
0.5400000000000001,0.00170195778747,-0.00221640555929,10.4379217668,6.27374247613,6.27811699304,0.0,0.0134034524272,-0.0146330162599,1.59199901705,-0.052118490674,-0.0030145021158,0.0,446.9740576346713,448.53153027825596,448.8080732377275,450.7543701537924
0.6000000000000002,0.00263399094602,-0.00334730204216,10.5410091303,6.27040089255,6.27850150866,0.0,0.0176439799748,-0.0234608790981,1.84387094899,-0.0640192459913,0.0206061254363,0.0,484.34613305080705,486.1191414918696,485.42895202777476,484.5333083349066
0.6600000000000003,0.00377662269822,-0.00500935056687,10.6528286917,6.26647188524,6.27968218521,0.0,0.0203309170356,-0.0323011933265,1.88337858076,-0.0685840078684,0.0177539495891,0.0,421.17168368472954,420.924932306691,420.5292672444367,420.13024882794406
0.7200000000000003,0.00506285751757,-0.00729769564513,10.7682264533,6.26255827436,6.28057879859,0.0,0.0224453078701,-0.0443712879202,1.96307269996,-0.0592427558158,0.00862916793284,0.0,434.15591804584426,433.3896017326705,433.7007201810521,434.4812574386152
0.7800000000000004,0.00646419410194,-0.0104217471422,10.890088287,6.2584163363,6.2810295505,0.0,0.0242132292484,-0.0601480309921,2.09874033166,-0.110401664057,0.0051800613448,0.0,452.173363033835,451.89532270751994,453.68449020477084,449.5536407043978
0.8400000000000004,0.00796835792712,-0.0146755499904,11.0231615907,6.25185789073,6.28181220825,0.0,0.0258535258045,-0.0824399856371,2.33655908389,-0.107205925262,0.0253742740201,0.0,481.8299070646636,483.35400606999127,482.8834616778096,483.1149610238504
0.9000000000000005,0.00954211002834,-0.0203083711518,11.1667959378,6.24525382161,0.000552075975859,0.0,0.0264223192532,-0.105990840876,2.45099005163,-0.116506999218,0.0429374759739,0.0,446.03640333209654,447.4687615897687,447.2590858756758,446.4902449874826
0.9600000000000005,0.011107601022,-0.0274038406891,11.3149583261,6.23855169211,0.00358311357284,0.0,0.0254978871208,-0.131154427534,2.48764905776,-0.103508400562,0.0624873612587,0.0,420.99074860832167,422.6806109588817,422.5111515810217,423.61845692735426
1.0200000000000005,0.0125373039826,-0.0363389568191,11.4698210453,6.23213343214,0.00773818679695,0.0,0.0217036032553,-0.167386785947,2.67398537643,-0.114987736941,0.0801678812573,0.0,468.631704616881,470.00723770337396,470.1126006065598,469.2128445714539
1.0800000000000005,0.0136866900706,-0.0473084730359,11.6302858005,6.22490106919,0.0124518383748,0.0,0.0161925984331,-0.198877477319,2.67479705305,-0.13495025644,0.0751380404829,0.0,412.5875069932846,412.1486378527103,411.9919219865345,410.2083523544563
1.1400000000000006,0.0143704449193,-0.06053532996,11.7947355516,6.21662638953,0.0168363635456,0.0,0.00612787823083,-0.242870680045,2.8064808673,-0.144602532693,0.0685959455279,0.0,454.84424995975843,454.32402724316603,453.92869982601513,453.136175290667
1.2000000000000006,0.014420568532,-0.0763364849668,11.963463971,6.2076435379,0.0208124364463,0.0,-0.00481727110794,-0.28461409771,2.81770275835,-0.162630976977,0.0611525372767,0.0,416.01199954903365,415.36330784147975,417.54382489499557,415.9449554460927
1.2600000000000007,0.0136914006746,-0.0949948248323,12.1352775253,6.19733548161,0.0240951435252,0.0,-0.0198391482977,-0.338306932661,2.90908871994,-0.205199134309,0.0369584865387,0.0,443.7881662141445,441.7997310734698,444.09274226198363,440.556670060328
1.3200000000000007,0.0119794872669,-0.117166235787,12.3133611579,6.18455253921,0.0261425119062,0.0,-0.0374411850222,-0.402014663151,3.02658749665,-0.237293262755,0.0277453800027,0.0,452.38124751802707,451.63922783194545,452.25375483093404,449.6157650759067
1.3800000000000008,0.00916704322317,-0.14345026239,12.4985813093,6.16997726045,0.0276906628609,0.0,-0.0564673987722,-0.475592994852,3.14690797587,-0.257578242549,0.0216029256282,0.0,453.7171140903386,453.2238038525342,454.02978084325395,452.340907430067
1.4400000000000008,0.00514395145575,-0.174618760858,12.6923155051,6.15454263008,0.0289422549852,0.0,-0.0777645045788,-0.565019066499,3.310196564,-0.256584715974,0.0193308719647,0.0,467.92822769279104,467.7512848693691,467.2388960417532,467.25336995145994
1.5000000000000009,-0.00023008142575,-0.211702970978,12.8973353568,6.13953386996,0.0302388369936,0.0,-0.101497264604,-0.672832482479,3.52287259379,-0.239675417004,0.0258164346782,0.0,483.38281780327856,483.87128518352927,483.0069271819523,484.2230026753928
1.560000000000001,-0.00691098718007,-0.254890724353,13.1101626217,6.12505428162,0.032642252167,0.0,-0.121390618074,-0.768091363855,3.57095755083,-0.244844103555,0.0592291682889,0.0,433.7275418724862,436.52560733043435,435.0609139313236,434.56823252694517
1.620000000000001,-0.0148037709094,-0.3039071194,13.3248155811,6.11038229918,0.0362773950537,0.0,-0.14202336562,-0.867081288099,3.5838115976,-0.2439193316,0.0631683192901,0.0,424.68855874988105,425.02910514573244,423.763983187134,423.7804536103204
1.680000000000001,-0.0241830704065,-0.359983797311,13.5450200625,6.09557064069,0.0397199773153,0.0,-0.171013667287,-1.00368580729,3.75538502348,-0.253494905259,0.0420987469521,0.0,475.2460377728599,473.63023110117894,476.269288055837,475.47953107442805
1.740000000000001,-0.0353012669278,-0.424244628539,13.773623982,6.08051521401,0.0420213813479,0.0,-0.199829106516,-1.13981757595,3.86396262667,-0.246231551093,0.02956577688,0.0,458.7112871372873,457.7155412667966,457.408420684838,457.9253297901176
1.8000000000000012,-0.0480993499175,-0.496527111493,14.006467825,6.06526750298,0.0441516359093,0.0,-0.226949624542,-1.27093154679,3.89697152222,-0.278612824542,0.0453125405358,0.0,434.7202574141776,436.0384088519225,436.9588371952775,434.18259363654647
1.8600000000000012,-0.0626397426264,-0.577319456153,14.2427889859,6.0487951833,0.046699865428,0.0,-0.25797974818,-1.42370466724,3.9795788789,-0.267446886173,0.036077401321,0.0,453.2080820061436,452.4660759711771,452.21066025407026,453.0344446430443
1.9200000000000013,-0.0787906506344,-0.666103021246,14.4777605894,6.03256267502,0.0486863181298,0.0,-0.28054620403,-1.5369386398,3.85283639369,-0.277569853398,0.0263865815246,0.0,382.4550957504569,381.53147684719295,383.4116708374713,382.3614696830168
1.9800000000000013,-0.0963855735981,-0.762232548352,14.7063156334,6.01569629716,0.0500171879406,0.0,-0.306072283531,-1.668675147,3.76546835202,-0.289308496947,0.0120612083159,0.0,398.5609119479904,397.2494124824588,396.78813276263827,395.61789991956476
2.0400000000000014,-0.115730986894,-0.867592886121,14.9334070084,5.99835097515,0.0507111567889,0.0,-0.338826756241,-1.84487315464,3.80344607597,-0.288653764794,0.010557186058,0.0,440.5632430851954,440.4387365054374,441.61445628157264,441.583028799809
2.1000000000000014,-0.137273558381,-0.985072843005,15.1667913874,5.98085038167,0.0516144769517,0.0,-0.379305659207,-2.07284818392,3.97456181684,-0.29851623081,0.0228019302079,0.0,484.50594348662383,485.4256178520841,485.0781651821572,484.2580145969855
2.1600000000000015,-0.161115339718,-1.11574114299,15.4074757457,5.96288102792,0.0533535852334,0.0,-0.415553121417,-2.28436879762,4.04711012822,-0.301504502704,0.0391285265096,0.0,455.5463675844884,456.85036211104426,458.47971599707387,458.1538308724109
2.2200000000000015,-0.187137155595,-1.25925880198,15.651782467,5.94460264152,0.0556163315033,0.0,-0.452042554125,-2.50112659896,4.09532538765,-0.311770603701,0.0347189343271,0.0,451.98200054442714,451.62708707865977,452.4846734877531,451.564185186622
2.2800000000000016,-0.215278953617,-1.41545503968,15.896931746,5.92556116649,0.0577166068907,0.0,-0.486189435485,-2.70693951483,4.07543444765,-0.331858343479,0.035569743013,0.0,431.6449467006815,431.71731375113853,432.3960329282703,430.5928937249119
2.3400000000000016,-0.245807818061,-1.5861536144,16.1455706957,5.90520492168,0.0593082225947,0.0,-0.531609109454,-2.9848263159,4.2106745909,-0.36122397697,-0.00585869093698,0.0,485.48128748032775,482.36256776415763,486.1706127823373,483.8555503132029
2.4000000000000017,-0.278704338163,-1.77157087077,16.3961372044,5.88363094563,0.0589851799596,0.0,-0.564905219952,-3.19739006084,4.14066144563,-0.356450657078,-0.00445121944812,0.0,420.8045559170702,420.92648761843,419.2505355736217,419.5233604128847
2.4600000000000017,-0.313816003235,-1.97156408009,16.64581838,5.86247885136,0.0586142842775,0.0,-0.605408368848,-3.47077994068,4.18043130176,-0.345690218762,-0.00988888965079,0.0,461.459447533914,461.0300519995383,459.07941855396007,459.8088855459079
2.520000000000002,-0.351059552369,-2.18632795992,16.8931859827,5.84168124993,0.0582675076389,0.0,-0.63600691811,-3.68951124073,4.06437449473,-0.348562629583,0.00138080916656,0.0,409.394385048591,410.3961806962328,408.230878278603,407.8390219827662
2.580000000000002,-0.390207317182,-2.41505181853,17.1345453128,5.82067251329,0.0580279789947,0.0,-0.668900437177,-3.93613462222,3.97984850959,-0.353505132758,-0.0178065615234,0.0,423.8761941342347,422.2238288157718,422.9242866994641,422.3650304237291
2.640000000000002,-0.431301999253,-2.65875430207,17.3703584515,5.79953490457,0.0567248110251,0.0,-0.700814644141,-4.188778802,3.87948204671,-0.349980857833,-0.0309934217603,0.0,419.3350837803913,418.18771761267095,420.68215811421095,420.85182026090314
2.700000000000002,-0.474320476358,-2.91820867418,17.6004740732,5.77810901868,0.0547396946303,0.0,-0.732954679095,-4.46117672935,3.78974706568,-0.377659142724,-0.0376357292586,0.0,426.64035054627533,426.072258471757,428.19251686084345,425.6916432586255
2.760000000000002,-0.519324866294,-3.19517486751,17.8264806701,5.75526922278,0.0521979144026,0.0,-0.766936686593,-4.77259921513,3.74201885537,-0.387448509865,-0.0540631992462,0.0,446.5409867845758,445.19761128131626,445.7538689267077,444.8030206704965
2.820000000000002,-0.566258289136,-3.49063177769,18.0483868848,5.73224229309,0.0487063300489,0.0,-0.797194694224,-5.07748458561,3.65317358183,-0.377325900675,-0.0680878590651,0.0,435.8291163931373,434.6526140928961,434.26733725638144,434.9595342320894
2.880000000000002,-0.614986461231,-3.80520712793,18.2654636627,5.7094081295,0.0449711965669,0.0,-0.826691962288,-5.40980043682,3.5807767907,-0.387978534185,-0.0525878838267,0.0,444.6706798059237,445.9359820455405,446.1037548546805,445.0830182971778
2.940000000000002,-0.665240057012,-4.13789326856,18.4745500247,5.68669106033,0.041543999607,0.0,-0.848193554345,-5.68112285575,3.38753156594,-0.364530078564,-0.0682145358012,0.0,404.08999470534116,402.6758095791797,401.4678884519267,403.424695934949
3.000000000000002,-0.717041743906,-4.49140996615,18.6780354912,5.6648097994,0.0381501035744,0.0,-0.878076185761,-6.10396608481,3.39247386719,-0.365003759151,-0.0399371853079,0.0,481.56115883568094,483.69363634054497,482.5375054682051,482.37595700478647
3.0600000000000023,-0.770448130172,-4.86884965376,18.8788912809,5.64300765496,0.035684223957,0.0,-0.901876797734,-6.47849074282,3.30039775857,-0.360294416744,-0.0435263032855,0.0,454.57071102462754,454.2820923260597,453.16167287157737,453.4067377656567
3.1200000000000023,-0.825198528445,-5.26846677722,19.0730604304,5.62111070675,0.0327871425753,0.0,-0.922871090614,-6.84314553166,3.1697011019,-0.376381051285,-0.0600816328477,0.0,444.6884680443247,443.3284103871047,446.6019317117051,445.1497981137236
3.1800000000000024,-0.88109227697,-5.68908081371,19.2575373683,5.59836134035,0.029219095209,0.0,-0.939963429521,-7.17841076744,2.9775828228,-0.385358022727,-0.0582670760913,0.0,426.2460088006154,426.3984459264863,426.09337426519494,425.16899177062277
3.2400000000000024,-0.938030609012,-6.13173635525,19.4321594662,5.57536924573,0.0259233259967,0.0,-0.957649009214,-7.57768068136,2.84047715442,-0.379216627844,-0.0489761310499,0.0,453.8996844471785,454.6429139073426,454.42695190261645,454.770678463367
3.3000000000000025,-0.996093784544,-6.60179495835,19.6018013322,5.5526488386,0.0227145005842,0.0,-0.977393344131,-8.09143665455,2.81034384628,-0.377612063353,-0.0644909676856,0.0,503.60984106821684,502.48452830428795,503.34282143281024,503.32902212702754
3.3600000000000025,-1.05516006923,-7.09986310026,19.765625524,5.52971034717,0.019071963809,0.0,-0.991126630338,-8.51143591673,2.64751027182,-0.393865992301,-0.0540555261961,0.0,460.36710327950607,461.18980288957624,462.60748881544527,461.1794326834933
3.4200000000000026,-1.11494388449,-7.62180710109,19.9175511631,5.50558765159,0.0154794417492,0.0,-1.00139605638,-8.88734815874,2.41408771989,-0.428073857009,-0.0752530982973,0.0,441.0755132561471,439.3180709548773,440.6575445279018,437.64625485588766
3.4800000000000026,-1.17525863134,-8.16526581533,20.0537577077,5.47950190991,0.0107072053511,0.0,-1.00878565454,-9.22863493187,2.12374300025,-0.453434756437,-0.0898831548286,0.0,421.4840737852872,420.21172038700973,423.86990522893075,421.4739053928921
3.5400000000000027,-1.23592928181,-8.72773763437,20.1705229818,5.45266556785,0.00515665009074,0.0,-1.01328069656,-9.52118130164,1.76645098399,-0.437189339164,-0.0983554120605,0.0,397.91889836649915,397.13386937396007,395.05075129799485,396.3102186812779
3.6000000000000028,-1.29683080463,-9.31169620606,20.2688737665,5.42675742828,6.28248497949,0.0,-1.0163174894,-9.94425765893,1.50855339086,-0.422791891956,-0.0961786813737,0.0,452.0617434130829,452.22918868376314,452.8440096637929,453.81046086396213
3.660000000000003,-1.35782612183,-9.92068346701,20.3507495401,5.40121674735,6.27658470277,0.0,-1.0164492683,-10.3553426792,1.21738769835,-0.432158129313,-0.103045850842,0.0,447.3385974376375,446.7705780465156,448.679154227603,447.7303912194772
3.720000000000003,-1.41872731477,-10.5561988017,20.416014665,5.375069997,6.27007534229,0.0,-1.01310330925,-10.8280525014,0.954126113233,-0.444198920626,-0.122527711887,0.0,471.54474855961115,470.02692583436453,474.01952757454507,472.90720887947015
3.780000000000003,-1.47939056836,-11.2163946258,20.4619074166,5.34934450948,6.26244484352,0.0,-1.00861355971,-11.1784302569,0.572802077535,-0.408554204182,-0.138614842717,0.0,425.0246145556041,423.62717874279355,424.41857039341164,427.26515205060537
3.840000000000003,-1.53967451394,-11.8986436206,20.4851186846,5.32474513667,6.25435721223,0.0,-1.00040373677,-11.5628442495,0.197762372498,-0.413015459849,-0.128083891357,0.0,438.24217743667407,439.0999226737446,439.84961966297925,439.30297237413873
3.900000000000003,-1.59937495928,-12.6040193808,20.485287618,5.30022211054,6.24651003962,0.0,-0.989221176239,-11.9491178722,-0.195390805231,-0.401293320033,-0.136820653517,0.0,441.04887726781374,440.3104603273183,440.9831844370359,441.77583148977163
3.960000000000003,-1.65813021103,-13.3367273587,20.4640326004,5.27636982881,6.23795006717,0.0,-0.968752305559,-12.4728467256,-0.517694820063,-0.390943881551,-0.158121532971,0.0,492.8421431926804,491.24740539459856,492.48748648965295,493.10561259408803
4.020000000000002,-1.71570835652,-14.0976014439,20.4206906503,5.25263432177,6.22855977499,0.0,-0.95007911062,-12.8884633948,-0.930688224541,-0.406998678338,-0.15345692204,0.0,458.5433339254128,458.89155612329284,459.18847510122595,457.7546055877108
4.080000000000001,-1.77243744562,-14.8777497541,20.3486099065,5.22872099488,6.21966482901,0.0,-0.940701699861,-13.1164226588,-1.47408842124,-0.385551933843,-0.139474341818,0.0,388.55796132764635,389.84318685056354,387.93524218048384,389.7545265094136
4.14,-1.82811409691,-15.6776427324,20.2469176175,5.20526522367,6.21140304823,0.0,-0.914901359039,-13.544979754,-1.91959280967,-0.404695056604,-0.13436202583,0.0,465.29043540220624,465.6740596702899,466.5331394434272,464.8834832811334
4.199999999999998,-1.88208046571,-16.5042175243,20.1183992387,5.18115670891,6.20304718811,0.0,-0.883745117464,-14.0052068898,-2.36873973915,-0.396600499111,-0.151504690195,0.0,480.73656465556803,479.4185517424501,480.7818404829268,481.24083208820605
4.259999999999997,-1.93469217955,-17.3518073943,19.9589826955,5.15755901835,6.19359024727,0.0,-0.869874430673,-14.2470450328,-2.94772621559,-0.387408638407,-0.174055388027,0.0,409.05757330834143,407.01662768063983,408.01605542848625,408.66092552296516
4.319999999999996,-1.98617531002,-18.2164682063,19.7655828044,5.13455619944,6.1827534603,0.0,-0.846073616151,-14.5733596621,-3.50231789313,-0.376364657746,-0.198809664911,0.0,442.65253441505354,440.57704426549185,440.9130465939297,441.67158015458796
4.379999999999995,-2.03618012991,-19.1005466667,19.5383001089,5.11210812702,6.17093854814,0.0,-0.820614929473,-14.8941677531,-4.07719407831,-0.370023174153,-0.193378162329,0.0,443.1277326793649,443.536241948879,443.4100865152563,443.78602835618176
4.439999999999993,-2.08468722032,-20.0030957156,19.2756575165,5.09061265584,6.15947199104,0.0,-0.796240514865,-15.1890995578,-4.68088071836,-0.341545042351,-0.186925464433,0.0,438.4840426167975,438.983987412363,437.46035584171995,439.691074472666
4.499999999999992,-2.13135700394,-20.9257227651,18.9771920626,5.07005240321,6.14838222652,0.0,-0.759417534048,-15.5625414591,-5.27196183348,-0.345016083718,-0.180941866517,0.0,468.7415502661188,469.17540061127556,469.4657044028277,469.0821801699413
4.559999999999991,-2.1761763587,-21.8678270448,18.6415671908,5.0505846682,6.13779848213,0.0,-0.734663870799,-15.8391029806,-5.91895405548,-0.300187055162,-0.16858763086,0.0,442.1987430528272,443.1856811679274,440.73372477352996,444.313848310024
4.6199999999999894,-2.22015041567,-22.8222466597,18.2650635836,5.03289719962,6.12763276899,0.0,-0.731260862816,-15.9745899266,-6.63377138992,-0.285758695976,-0.171163223695,0.0,395.50756366408746,395.2386767699852,395.291737317551,396.5197783170907
4.679999999999988,-2.26278681713,-23.7916833505,17.8474127849,5.01576787664,6.11835319674,0.0,-0.690206564283,-16.3371324862,-7.2921705066,-0.284955446503,-0.133503858521,0.0,474.7468847320846,477.6073758244855,474.60946787127483,474.5941611230284
4.739999999999987,-2.30346232611,-24.7797869507,17.3886169033,4.99864795041,6.11082319579,0.0,-0.665971772027,-16.5976175143,-8.00484738505,-0.286094363134,-0.113007393581,0.0,448.46090088720257,450.1093480135233,447.6176862750122,447.4429539503509
4.799999999999986,-2.34313531755,-25.7810205423,16.8856724909,4.98151876818,6.10401067539,0.0,-0.656789117781,-16.7754379185,-8.76351644751,-0.284300154284,-0.114632232329,0.0,425.0982562460573,424.94678272226605,424.57310738616565,424.64028619902433
4.859999999999984,-2.38164421062,-26.7962457032,16.3374606371,4.96481122026,6.0976547556,0.0,-0.627365942004,-17.0625406288,-9.51463698045,-0.268803168657,-0.0925922205773,0.0,464.49669672402996,466.2135092173682,464.00792240280214,465.1486231493835
4.919999999999983,-2.41881326348,-27.8265034941,15.7428631911,4.94936465051,6.09192657634,0.0,-0.61208409961,-17.2772731782,-10.3095522503,-0.241140202016,-0.101949412108,0.0,447.8365386076486,447.0664965134387,446.38612369454967,448.57227181992636
4.979999999999982,-2.45546572279,-28.8677191484,15.0993275628,4.93523060916,6.08589957568,0.0,-0.610058834283,-17.4286435804,-11.1458849282,-0.226281500143,-0.0976104327784,0.0,429.6237372939908,429.98266684256674,430.53099237083774,431.7298497153209
5.0399999999999805,-2.49131720284,-29.9214561399,14.405556454,4.92167893952,6.08028387859,0.0,-0.585615393113,-17.6931891853,-11.9849701909,-0.225035024609,-0.0865828414308,0.0,470.2218581046909,471.0690217756768,470.71531727250215,470.7643267786955
